Anomalies in real_1.csv:

1214
1216


Anomalies in real_10.csv:

1426
1427
1428
1429
1430
1431
1432
1433
1434
1435
1436
1437
1438


Anomalies in real_11.csv:

1415
1416
1417
1418
1419
1420
1421
1422
1423
1424
1425
1426
1427
1428
1429
1430
1431
1432
1433


Anomalies in real_12.csv:

119
1433
1434


Anomalies in real_13.csv:

142
143
144
973
974
975
1431
1432
1433
1434
1435
1436


Anomalies in real_14.csv:

348
349


Anomalies in real_15.csv:

142
143
973
974
975
1431
1432
1433
1434
1435


Anomalies in real_16.csv:

1349
1350
1351


Anomalies in real_17.csv:

768
769
770
771
772
773
774
775
776
777
778
779
780
781
782
783
784
785
786
787
788
789
790
791
792
793
794
795
796
797
798
799
800
801
802
803
804
805
806
807
808
809
810
811
812
813
814
815
816
817
818
819
820
821
822
823
824
825
826
827
828
829
830
831
832
833
834
835
836
837
838
839
840
841
842
843
844
845
846
847
848
849
850
851
852
853
854
855
856
857
858
859
860
861
862
863
864
865
866
867
868
869
870
871
872
873
874
875
876
877
878
879
880
881
1011
1012
1013
1014
1015
1016
1017
1018
1019
1020
1021
1022
1023
1024
1025
1026
1027
1028
1029
1030
1031
1032
1033
1034
1035
1036
1037
1038
1039
1040
1041
1042
1043
1044
1045
1346
1347
1348
1349
1350
1351
1352
1353
1354
1355
1356
1357
1358
1359
1360
1361
1362
1363
1364
1365
1366
1367
1368
1369
1370
1371
1372
1373
1374
1375
1376
1377
1378
1379
1380
1381
1382
1383
1384
1385
1386
1387
1388
1389
1390
1391
1392
1393
1394
1395
1396
1397
1398
1399
1400
1401
1402
1403
1404
1405
1406
1407
1408
1409
1410
1411
1412
1413
1414
1415
1416
1417
1418
1419
1420
1421
1422
1423


Anomalies in real_18.csv:

421
422
423


Anomalies in real_19.csv:

770
771
772
773
774
775
776
777
778
779
780
781
782
783
784
785
786
787
788
789
790
791
792
793
794
795
796
797
798
799
800
801
802
803
804
805
806
807
808
809
810
811
812
813
814
815
816
817
818
819
820
821
822
823
824
825
826
827
828
829
830
831
832
833
834
835
836
837
838
839
840
841
842
843
844
845
846
847
848
849
850
851
852
853
854
855
856
857
858
859
860
861
862
863
864
865
866
867
868
869
870
871
872
873
874
875
876
877
878
879
880
881
882
1010
1011
1012
1013
1014
1015
1016
1017
1018
1019
1020
1021
1022
1023
1024
1025
1026
1027
1028
1029
1030
1031
1032
1033
1034
1035
1036
1037
1038
1039
1040
1041
1042
1043
1044
1045
1346
1347
1348
1349
1350
1351
1352
1353
1354
1355
1356
1357
1358
1359
1360
1361
1362
1363
1364
1365
1366
1367
1368
1369
1370
1371
1372
1373
1374
1375
1376
1377
1378
1379
1380
1381
1382
1383
1384
1385
1386
1387
1388
1389
1390
1391
1392
1393
1394
1395
1396
1397
1398
1399
1400
1401
1402
1403
1404
1405
1406
1407
1408
1409
1410
1411
1412
1413
1414
1415
1416
1417
1418
1419
1420
1421
1422
1423


Anomalies in real_2.csv:

1360
1361
1362
1426
1427
1428
1429
1430
1431
1432
1433
1434
1435
1436
1437
1438


Anomalies in real_20.csv:

541
542
543
544
545
546
547
548
549
550
551
552
553
554
555
556
557
558
559
560
561
562
563
564
1172
1173
1278
1279
1280
1281
1282
1283
1284


Anomalies in real_21.csv:

1279
1402
1403
1404
1405
1406


Anomalies in real_22.csv:

1357
1358
1359
1360
1361
1362
1363
1364
1365
1366
1367
1368
1369
1370
1371
1372
1373
1374
1375
1376
1377
1378
1379
1380
1381
1382
1383
1384
1385
1386
1387
1388
1389
1390
1391
1392
1393
1394
1395
1396
1397
1398
1399
1400
1401
1402
1403
1404
1405
1406
1407
1408
1409
1410
1411
1412
1413
1414
1415
1416
1417
1418
1419


Anomalies in real_23.csv:

314
315
318
320
334
335
336
338
339
340
678
686
688
785
788
1401
1402
1404
1405


Anomalies in real_24.csv:

424
1346
1447
1448
1449
1450
1451
1452
1453
1454
1455
1456
1457
1458
1459
1460


Anomalies in real_25.csv:

1392
1393
1394
1395
1396
1397
1398
1399
1400
1401
1402
1403
1404
1405
1406
1407
1408
1409
1410
1411
1412
1413
1414
1415
1416
1417
1418
1419
1420
1421
1422
1423
1424
1425
1426
1427
1428
1429
1430
1431
1432
1433
1434


Anomalies in real_26.csv:

1078
1079
1080
1081
1082
1083
1084
1086
1087
1088
1089
1090
1091
1092
1093
1094
1095
1096
1097
1098
1099
1100
1101
1102
1103
1104
1105
1106
1107
1108
1110
1111
1112
1113
1114
1115
1116
1117
1118
1119
1120
1121
1122
1123
1124
1125
1126
1127
1128
1129
1130
1131
1132
1133
1134
1135
1137
1138
1139
1140
1141
1142
1143
1144
1145
1146
1147
1148
1149
1150
1151
1152
1153
1154
1156


Anomalies in real_27.csv:

1003
1306


Anomalies in real_28.csv:

359
884
885
886
887
888
889
890
891
892
893
894
895
896
897
898
899
900
901
902
903
904
905
906
907
908
909
910
911
912
913
914
915
916
917
918
919
920
921
922
923
924
925
926
927
928
929
930
931
932
933
934
935
936
937
938
939
940
941
942
943
944
945
946
947
948
949
950
951
952
953
954
955
956
957
958
959
960
961
962
1066
1247


Anomalies in real_29.csv:

359
778
779
1066
1069
1070
1247


Anomalies in real_3.csv:

574
1447
1448
1449
1450
1451
1452
1453
1454
1455
1456
1457
1458
1459
1460


Anomalies in real_30.csv:

572
1451
1452
1453
1454
1455
1456
1457
1458


Anomalies in real_31.csv:

1221
1222
1223
1224
1225
1226
1227
1228
1229
1230
1231
1232
1233
1234
1235
1236
1237
1238
1239
1240
1241
1242
1243
1306


Anomalies in real_32.csv:

1221
1222
1223
1224
1225
1226
1227
1228
1229
1230
1231
1232
1233
1234
1235
1236
1237
1238
1239
1240
1241
1242
1243
1290
1291
1292
1293
1294
1295
1296
1297
1298
1299
1300
1301
1302
1303
1304
1305
1306
1307
1308
1309
1310
1311
1312
1313


Anomalies in real_33.csv:

1433
1434


Anomalies in real_34.csv:

599
1018
1241
1242
1243
1244
1306


Anomalies in real_35.csv:



Anomalies in real_36.csv:

421
422
423
424
605


Anomalies in real_37.csv:

1204
1205
1206
1207
1208
1209
1210
1211
1212
1213
1214
1215
1216
1217
1218
1219
1220
1221
1222
1223
1224
1225
1226
1227
1228
1229
1230
1231
1232
1233
1234
1420
1421
1422


Anomalies in real_38.csv:

599
1018
1019
1305
1306
1307
1308
1309
1310


Anomalies in real_39.csv:

568
569
570
571
572
645
646
647
1019
1306


Anomalies in real_4.csv:

1386
1398
1418
1419
1420


Anomalies in real_40.csv:

1125
1126
1127
1128
1129
1130
1131
1132
1133
1134
1135
1136
1137
1138
1139
1140
1141
1142
1143
1144
1145
1146
1147
1148
1149
1150
1151
1152
1153
1154
1155
1156
1157
1158
1159
1160
1161
1162
1163
1164
1165
1166
1167
1168
1169
1170
1171
1172
1173
1174
1175
1176
1177
1178
1179
1180
1181
1182
1183
1184
1185
1186
1187
1188
1189
1190
1191
1192
1193
1194
1195
1196
1197
1198
1199
1200
1201
1202
1203
1306


Anomalies in real_41.csv:

221
1200
1214


Anomalies in real_42.csv:

1381
1382
1383
1384
1385
1386
1387
1388
1389
1390
1398
1399
1400
1401
1402
1403
1404
1405
1406
1407
1408
1409
1410
1411
1412
1413
1414
1422
1423
1424
1425
1426
1427
1428
1429
1430
1431
1432
1433
1434
1435
1436
1437
1438


Anomalies in real_43.csv:

114
115
116
117
118
945
946
947
1238
1239
1240
1241
1242
1243
1244
1245
1246
1247
1248
1249
1250
1251
1252
1253
1254
1255
1256
1257
1258
1259
1260
1261


Anomalies in real_44.csv:

420
421
422
423
424
425
572
605
606


Anomalies in real_45.csv:

1260


Anomalies in real_46.csv:

856
857
858
859
860
861
862
863
864
865
866
867
868
869
870
871
872
873
874
875
876
877
878
879
880
881
882
883
884
885
886
887
888
889
890
891
892
893
894
895
896
897
898
899
900
901
902
903
904
905
906
907
908
909
910
911
912
913
914
915
916
917
918
919
920
921
922
923
924
925
926
927
928
929
930
931
932
933
934
935
936
937
938
939
940
941
942
943
944
945
946
947
948
949
950
951
952
953
954
955
956
957
958
959
960
961
962
1066
1247


Anomalies in real_47.csv:

591
592
593
594
599
1013
1014
1018
1019
1306


Anomalies in real_48.csv:

359
360
361
362
363
364
365
366
367
368
369
370
371
372
373
374
375
376
377
378
379
380
381
382


Anomalies in real_49.csv:

421
422
423


Anomalies in real_5.csv:

514
515


Anomalies in real_50.csv:

1432
1433
1434
1435
1436
1437
1438


Anomalies in real_51.csv:

599
1018
1019
1306


Anomalies in real_52.csv:

358
359
778
779
1066
1244
1245
1246
1247
1248
1249


Anomalies in real_53.csv:

353
424
1346
1447
1448
1449
1450
1451
1452
1453
1454
1455
1456
1457
1458
1459
1460


Anomalies in real_54.csv:

54
55
176
177


Anomalies in real_55.csv:

599
1018
1019
1206
1306


Anomalies in real_56.csv:

599
1018
1019
1207
1306


Anomalies in real_57.csv:

963
1066
1247


Anomalies in real_58.csv:

1392
1393
1394
1395
1396
1397
1398
1399
1400
1401
1402
1403
1404
1405
1406
1407
1408
1409
1410
1411
1412
1413
1414
1415
1416
1417
1418
1419
1420
1421
1422
1423
1424
1425
1426
1427
1428
1429
1430
1431
1432
1433
1434


Anomalies in real_59.csv:



Anomalies in real_6.csv:

1431
1432
1433
1434
1435
1436
1437
1438


Anomalies in real_60.csv:

447
448
456
457
458
843
1207
1208
1209
1210
1211
1454
1455
1456
1457
1458


Anomalies in real_61.csv:

587
588
589
590
591
592
593
594
595
596
597
598
599
600
601
602
603
604
605
606
607
608
609
1440


Anomalies in real_62.csv:

12
13
154
726
736
739
740


Anomalies in real_63.csv:

1431
1432
1433
1434
1435
1436
1437
1438


Anomalies in real_64.csv:



Anomalies in real_65.csv:

1210
1211
1212
1213
1214
1215
1216
1217
1218
1219
1220
1221
1386
1387
1410
1411
1412


Anomalies in real_66.csv:

1313
1314
1315
1316
1324
1325
1326
1328
1329
1330
1340
1346
1347
1410
1411
1412
1413
1414
1415
1416
1417


Anomalies in real_67.csv:

1384
1385
1394
1395
1396
1397
1398
1399
1401
1402
1403
1404
1405
1407
1408
1409
1410
1417
1418
1419
1420
1421
1422


Anomalies in real_7.csv:

240
241
242
243
244
245
246
247
248
249
250
251
252
253
254
255
256
257
258
259
260
261
262
1322
1323
1324
1325
1326
1327
1328
1329
1330
1331
1332
1333
1334
1335
1336
1337
1338
1339
1340
1341
1342
1343
1344
1392
1393
1394
1395
1396
1397
1398
1399
1400
1401
1402
1403
1404
1405
1406


Anomalies in real_8.csv:

883
884
936
1216
1217
1218
1219
1220
1221
1222


Anomalies in real_9.csv:

653
654
655
656
829
973
1314
1315

